Link no,Name,Start location,Start location,Start location,End location,End location,End location,Length,Traffic Data,Traffic Data,Traffic Data,Traffic Data,Traffic Data,Traffic Data,Traffic Data,Traffic Data,Traffic Data,Traffic Data,Traffic Data,Traffic Data,Traffic Data,Total,Total,Total,Traffic,source_file
,,LRP,Offset,Chainage,LRP,Offset,Chainage,(Km),Heavy Truck,Medium Truck,Small Truck,Large Bus,Medium Bus,Micro Bus,Utility,Car,Auto Rickshaw,Motor Cycle,Bi-Cycle,Cycle Rickshaw,Cart,Motorized,Non Motorized,Total AADT,(AADT),N7.traffic.htm
N7-1,Dauladia-Jamtala (Int.with Z7106),LRPS,0,0,LRPS,6400,6.4,6.400,47.0,832.0,505.0,1127.0,254.0,416.0,125.0,302.0,1226.0,1083.0,749.0,769.0,0.0,5917.0,1518.0,7435.0,7435.0,N7.traffic.htm
N7-2,Jamtala (Int.with Z7106)-Goalanda (Zamindar Bridge) Int.with Z7108,LRPS,6400,6.4,LRPS,7670,7.67,1.270,47.0,832.0,505.0,1127.0,254.0,416.0,125.0,302.0,1226.0,1083.0,749.0,769.0,0.0,5917.0,1518.0,7435.0,7435.0,N7.traffic.htm
N7-3,"Goalanda (Zamindar Bridge) Z7108-Ahladipur, Int.with R710",LRPS,7670,7.67,LRP013,780,13.78,6.110,49.0,831.0,495.0,1126.0,267.0,417.0,124.0,304.0,1510.0,839.0,300.0,336.0,0.0,5962.0,636.0,6598.0,6598.0,N7.traffic.htm
N7-4,"Ahladipur, Int.with R710-Goalchamot (Faridpur) Int.with N804",LRP013,780,13.78,LRP028,1500,29.54,15.760,51.0,1070.0,378.0,1362.0,77.0,418.0,185.0,354.0,1621.0,982.0,242.0,359.0,0.0,6498.0,601.0,7099.0,7099.0,N7.traffic.htm
N7-5,"Goalchamot (Faridpur) Int.with N804-Maijkandi, Int.with Z7001",LRP028,1500,29.54,LRP041,981,42.001,12.461,51.0,1070.0,378.0,1362.0,77.0,418.0,185.0,354.0,1621.0,982.0,242.0,359.0,0.0,6498.0,601.0,7099.0,7099.0,N7.traffic.htm
N7-6,"Maijkandi, Int.with Z7001-Modhukhali (Int.with Z7102)",LRP041,981,42.001,LRP052,277,52.48,10.479,59.0,1103.0,748.0,667.0,346.0,752.0,317.0,354.0,1053.0,1021.0,440.0,440.0,0.0,6420.0,880.0,7300.0,7300.0,N7.traffic.htm
N7-7,Modhukhali (Int.with Z7102)-WAPDA More (Int.with Z7008),LRP052,277,52.48,LRP066,240,66.587,14.107,63.0,1164.0,715.0,685.0,220.0,649.0,292.0,323.0,1504.0,1122.0,686.0,763.0,0.0,6737.0,1449.0,8186.0,8186.0,N7.traffic.htm
N7-8,WAPDA More (Int.with Z7008) -Ramnagar (Magura) Int.with Z7007,LRP066,240,66.587,LRP067,3610,70.967,4.380,59.0,1103.0,748.0,667.0,346.0,752.0,317.0,354.0,1053.0,1021.0,440.0,440.0,0.0,6420.0,880.0,7300.0,7300.0,N7.traffic.htm
N7-9,Ramnagar (Magura) Int.with Z7007-Int.with Z7012,LRP067,3610,70.967,LRP076,15,76.382,5.415,63.0,1164.0,715.0,685.0,220.0,649.0,292.0,323.0,1504.0,1122.0,686.0,763.0,0.0,6737.0,1449.0,8186.0,8186.0,N7.traffic.htm
N7-10,Int.with Z7012-Int.with R720,LRP076,15,76.382,LRP076,1385,77.752,1.370,63.0,1164.0,715.0,685.0,220.0,649.0,292.0,323.0,1504.0,1122.0,686.0,763.0,0.0,6737.0,1449.0,8186.0,8186.0,N7.traffic.htm
N7-11,Int.with R720-Int.with N702,LRP076,1385,77.752,LRP076,1420,77.787,0.035,54.0,1004.0,756.0,863.0,493.0,503.0,105.0,378.0,1540.0,1133.0,700.0,755.0,0.0,6829.0,1455.0,8284.0,8284.0,N7.traffic.htm
N7-12,Int.with N702-Int.with Z7011,LRP076,1420,77.787,LRP078,150,78.487,0.700,54.0,1004.0,756.0,863.0,493.0,503.0,105.0,378.0,1540.0,1133.0,700.0,755.0,0.0,6829.0,1455.0,8284.0,8284.0,N7.traffic.htm
N7-13,"Int.with Z7011-Jhenaidah Bus Terminal (Int.with N703, N712)",LRP078,150,78.487,LRP102,700,103.311,24.824,33.0,1286.0,655.0,595.0,845.0,298.0,83.0,365.0,1779.0,1324.0,874.0,504.0,0.0,7263.0,1378.0,8641.0,8641.0,N7.traffic.htm
N7-14,"Jhenaidah Bus Terminal (Int.with N703, N712), Al-Hera Bus stand (Int.with N712)",LRP102,700,103.311,LRP106,598,106.639,3.328,54.0,1004.0,756.0,863.0,493.0,503.0,105.0,378.0,1540.0,1133.0,700.0,755.0,0.0,6829.0,1455.0,8284.0,8284.0,N7.traffic.htm
N7-15,Al-Hera Bus stand (Int.with N712)-Int.with Z7460(Kaliganj),LRP106,598,106.639,LRP119,102,119.74,13.101,33.0,1286.0,655.0,595.0,845.0,298.0,83.0,365.0,1779.0,1324.0,874.0,504.0,0.0,7263.0,1378.0,8641.0,8641.0,N7.traffic.htm
N7-16,Int.with Z7460(Kaliganj)-Kaliganj Bus stand (Int.with R748),LRP119,102,119.74,LRP119,720,120.358,0.618,33.0,1286.0,655.0,595.0,845.0,298.0,83.0,365.0,1779.0,1324.0,874.0,504.0,0.0,7263.0,1378.0,8641.0,8641.0,N7.traffic.htm
N7-17,Kaliganj Bus stand (Int.with R748)-Dulal Mondia Bazar Z7057,LRP119,720,120.358,LRP122,810,123.448,3.090,166.0,1759.0,749.0,948.0,519.0,240.0,252.0,307.0,941.0,898.0,833.0,159.0,0.0,6779.0,992.0,7771.0,7771.0,N7.traffic.htm
N7-18,Dulal Mondia Bazar Z7057 -Churamonkathi Bazar ( Z7031),LRP122,810,123.448,LRP141,440,142.142,18.694,166.0,1759.0,749.0,948.0,519.0,240.0,252.0,307.0,941.0,898.0,833.0,159.0,0.0,6779.0,992.0,7771.0,7771.0,N7.traffic.htm
N7-19,Churamonkathi Bazar ( Z7031)-Palbari (Int.with N707),LRP141,440,142.142,LRP146,450,147.121,4.979,166.0,1759.0,749.0,948.0,519.0,240.0,252.0,307.0,941.0,898.0,833.0,159.0,0.0,6779.0,992.0,7771.0,7771.0,N7.traffic.htm
N7-20,Palbari (Int.with N707)-Chanchra More (Int.with N706),LRP146,450,147.121,LRP150,570,151.261,4.140,115.0,1818.0,932.0,970.0,479.0,642.0,159.0,314.0,1559.0,1413.0,1063.0,1174.0,0.0,8401.0,2237.0,10638.0,10638.0,N7.traffic.htm
N7-21,Chanchra More (Int.with N706) -Murail (Int.with N707),LRP150,570,151.261,LRP154,1130,155.578,4.317,115.0,1818.0,932.0,970.0,479.0,642.0,159.0,314.0,1559.0,1413.0,1063.0,1174.0,0.0,8401.0,2237.0,10638.0,10638.0,N7.traffic.htm
N7-22,Murail (Int.with N707) - Rajarhat R755,LRP154,1130,155.578,LRP156,600,157.078,1.500,115.0,1818.0,932.0,970.0,479.0,642.0,159.0,314.0,1559.0,1413.0,1063.0,1174.0,0.0,8401.0,2237.0,10638.0,10638.0,N7.traffic.htm
N7-23,Rajarhat R755- Prembag (Int.with Z7049),LRP156,600,157.078,LRP170,650,171.168,14.090,115.0,1818.0,932.0,970.0,479.0,642.0,159.0,314.0,1559.0,1413.0,1063.0,1174.0,0.0,8401.0,2237.0,10638.0,10638.0,N7.traffic.htm
N7-24,Prembag (Int.with Z7049) -Prembag Int.with Z7048,LRP170,650,171.168,LRP171,376,171.894,0.726,115.0,1818.0,932.0,970.0,479.0,642.0,159.0,314.0,1559.0,1413.0,1063.0,1174.0,0.0,8401.0,2237.0,10638.0,10638.0,N7.traffic.htm
N7-25,Prembag Int.with Z7048 -Phultala Int.with Z7030,LRP171,376,171.894,LRP190,195,190.105,18.211,115.0,1818.0,932.0,970.0,479.0,642.0,159.0,314.0,1559.0,1413.0,1063.0,1174.0,0.0,8401.0,2237.0,10638.0,10638.0,N7.traffic.htm
N7-26,Phultala Int.with Z7030 -Phultala (Int.with Z7043),LRP190,195,190.105,LRP190,555,190.465,0.360,107.0,1988.0,300.0,443.0,338.0,214.0,165.0,227.0,2677.0,1835.0,1576.0,2099.0,0.0,8294.0,3675.0,11969.0,11969.0,N7.traffic.htm
N7-27,"Phultala (Int.with Z7043) - Afilgat, Fultala (Int.with N709)",LRP190,555,190.465,LRP195,186,195.154,4.689,107.0,1988.0,300.0,443.0,338.0,214.0,165.0,227.0,2677.0,1835.0,1576.0,2099.0,0.0,8294.0,3675.0,11969.0,11969.0,N7.traffic.htm
N7-28,"Afilgat, Fultala (Int.with N709)-Fulbari Railgate (Int.with Z7040)",LRP195,186,195.154,LRP201,925,201.9,6.746,107.0,1988.0,300.0,443.0,338.0,214.0,165.0,227.0,2677.0,1835.0,1576.0,2099.0,0.0,8294.0,3675.0,11969.0,11969.0,N7.traffic.htm
N7-29,Fulbari Railgate (Int.with Z7040) -Power house More (Int.with R760) (Left),LRP201,925,201.9,LRP210,349,210.364,8.464,107.0,1988.0,300.0,443.0,338.0,214.0,165.0,227.0,2677.0,1835.0,1576.0,2099.0,0.0,8294.0,3675.0,11969.0,11969.0,N7.traffic.htm
N7-30,Power house More (Int.with R760) -Rupsha Ghat Start,LRP210,349,210.364,LRP210,3685,213.7,3.336,107.0,1988.0,300.0,443.0,338.0,214.0,165.0,227.0,2677.0,1835.0,1576.0,2099.0,0.0,8294.0,3675.0,11969.0,11969.0,N7.traffic.htm
N7-31,Rupsha Ghat End-Rupsha (Int.with R771),LRP210,3685,213.7,LRP210,4325,214.34,0.640,87.0,1734.0,824.0,465.0,712.0,544.0,252.0,475.0,1176.0,2086.0,1366.0,1399.0,0.0,8355.0,2765.0,11120.0,11120.0,N7.traffic.htm
N7-32,Rupsha (Int.with R771) -Kudir battala (Int.with N709),LRP210,4325,214.34,LRP219,470,218.961,4.621,87.0,1734.0,824.0,465.0,712.0,544.0,252.0,475.0,1176.0,2086.0,1366.0,1399.0,0.0,8355.0,2765.0,11120.0,11120.0,N7.traffic.htm
N7-33,Kudir battala (Int.with N709) - Katakhali (Int.with N805),LRP219,470,218.961,LRP223,715,223.226,4.265,87.0,1734.0,824.0,465.0,712.0,544.0,252.0,475.0,1176.0,2086.0,1366.0,1399.0,0.0,8355.0,2765.0,11120.0,11120.0,N7.traffic.htm
N7-34,"Katakhali (Int.with N805) - End of Road, Digraj",LRP223,715,223.226,LRP250,74,249.665,26.439,87.0,1734.0,824.0,465.0,712.0,544.0,252.0,475.0,1176.0,2086.0,1366.0,1399.0,0.0,8355.0,2765.0,11120.0,11120.0,N7.traffic.htm
,,,,,,,,,,,,,,,,,,,,,,,,,,N7.traffic.htm
*  Traffic survey was not done on the link. It was assumed that the traffic will be equivalent to that of another link. Please click on the AADT figure to view the referenced link.  Traffic survey is done once in a year. This information was last updated in the year,,,,,,,,,,,,,,,,,,,,,,,,,,N7.traffic.htm
