Link no,Name,Start location,Start location,Start location,End location,End location,End location,Length,Traffic Data,Traffic Data,Traffic Data,Traffic Data,Traffic Data,Traffic Data,Traffic Data,Traffic Data,Traffic Data,Traffic Data,Traffic Data,Traffic Data,Traffic Data,Total,Total,Total,Traffic
,,LRP,Offset,Chainage,LRP,Offset,Chainage,(Km),Heavy Truck,Medium Truck,Small Truck,Large Bus,Medium Bus,Micro Bus,Utility,Car,Auto Rickshaw,Motor Cycle,Bi-Cycle,Cycle Rickshaw,Cart,Motorized,Non Motorized,Total AADT,(AADT)
N704-1,Jhenaidah(Bata More)-Arappur (Int.with N7),LRPS,0,0,LRPS,922,0.922,0.922,109.0,2186.0,1750.0,476.0,711.0,319.0,72.0,191.0,1524.0,1411.0,1065.0,897.0,0.0,8749.0,1962.0,10711.0,10711.0
N704-2,Arappur (Int.with N7)-Amtali (Int.with Z7404),LRPS,922,0.922,LRP004,542,4.462,3.540,109.0,2186.0,1750.0,476.0,711.0,319.0,72.0,191.0,1524.0,1411.0,1065.0,897.0,0.0,8749.0,1962.0,10711.0,10711.0
N704-3,Amtali (Int.with Z7404)-Shekhpara (Int.with Z7405),LRP004,542,4.462,LRP021,292,21.187,16.725,109.0,2186.0,1750.0,476.0,711.0,319.0,72.0,191.0,1524.0,1411.0,1065.0,897.0,0.0,8749.0,1962.0,10711.0,10711.0
N704-4,"Shekhpara(Int.with Z7405)-Bottoli More (Kushtia,Int.with R747)",LRP021,292,21.187,LRP041,344,41.222,20.035,109.0,2186.0,1750.0,476.0,711.0,319.0,72.0,191.0,1524.0,1411.0,1065.0,897.0,0.0,8749.0,1962.0,10711.0,10711.0
N704-5,"Bottoli More (Kushtia,Int.with R747)-Chowrhash More (Int.with R710)",LRP041,344,41.222,LRP043,572,43.43,2.208,109.0,2186.0,1750.0,476.0,711.0,319.0,72.0,191.0,1524.0,1411.0,1065.0,897.0,0.0,8749.0,1962.0,10711.0,10711.0
N704-6,"Chowrhash More (Int.with R710) -Trimohoni, Kushtia (Int.with R745)",LRP043,572,43.43,LRP050,280,50.038,6.608,109.0,2186.0,1750.0,476.0,711.0,319.0,72.0,191.0,1524.0,1411.0,1065.0,897.0,0.0,8749.0,1962.0,10711.0,10711.0
N704-7,"Trimohoni, Kushtia (Int.with R745)-Int.with Z7411 (Bheramara)",LRP050,280,50.038,LRP064,735,64.298,14.260,109.0,2186.0,1750.0,476.0,711.0,319.0,72.0,191.0,1524.0,1411.0,1065.0,897.0,0.0,8749.0,1962.0,10711.0,10711.0
N704-8,Int.with Z7411 (Bheramara)-Int.with Z7409 (Bheramara),LRP064,735,64.298,LRP067,52,66.675,2.377,109.0,2186.0,1750.0,476.0,711.0,319.0,72.0,191.0,1524.0,1411.0,1065.0,897.0,0.0,8749.0,1962.0,10711.0,10711.0
N704-9,Int.with Z7409 (Bheramara)-Ruppur(Int.with N705),LRP067,52,66.675,LRP074,772,74.274,7.599,109.0,2186.0,1750.0,476.0,711.0,319.0,72.0,191.0,1524.0,1411.0,1065.0,897.0,0.0,8749.0,1962.0,10711.0,10711.0
N704-10,Ruppur(Int.with N705)- Dasuria (Int.with N705),LRP074,772,74.274,LRP081,695,81.193,6.919,214.0,1977.0,589.0,332.0,39.0,390.0,34.0,183.0,2273.0,1512.0,864.0,173.0,0.0,7543.0,1037.0,8580.0,8580.0
N704-11,Ishwardi-Dasuria (Int.with N705) - Dasuria (Int.with N6),LRP081,695,81.193,LRPE,0,81.538,0.345,214.0,1977.0,589.0,332.0,39.0,390.0,34.0,183.0,2273.0,1512.0,864.0,173.0,0.0,7543.0,1037.0,8580.0,8580.0
,,,,,,,,,,,,,,,,,,,,,,,,,
*  Traffic survey was not done on the link. It was assumed that the traffic will be equivalent to that of another link. Please click on the AADT figure to view the referenced link.  Traffic survey is done once in a year. This information was last updated in the year,,,,,,,,,,,,,,,,,,,,,,,,,
