Link no,Name,Start location,Start location,Start location,End location,End location,End location,Length,Traffic Data,Traffic Data,Traffic Data,Traffic Data,Traffic Data,Traffic Data,Traffic Data,Traffic Data,Traffic Data,Traffic Data,Traffic Data,Traffic Data,Traffic Data,Total,Total,Total,Traffic,source_file
,,LRP,Offset,Chainage,LRP,Offset,Chainage,(Km),Heavy Truck,Medium Truck,Small Truck,Large Bus,Medium Bus,Micro Bus,Utility,Car,Auto Rickshaw,Motor Cycle,Bi-Cycle,Cycle Rickshaw,Cart,Motorized,Non Motorized,Total AADT,(AADT),N805.traffic.htm
N805-1,Bhanga-Kalier More (Int.with Z8067),LRPS,0,0,LRP005,360,5.02,5.020,50.0,598.0,450.0,472.0,201.0,555.0,18.0,132.0,571.0,591.0,114.0,152.0,0.0,3638.0,266.0,3904.0,3904.0,N805.traffic.htm
N805-2,Kalier More (Int.with Z8067)-Muksudpur(Int.with Z8021),LRP005,360,5.02,LRP018,405,18.215,13.195,50.0,598.0,450.0,472.0,201.0,555.0,18.0,132.0,571.0,591.0,114.0,152.0,0.0,3638.0,266.0,3904.0,3904.0,N805.traffic.htm
N805-3,Muksudpur(Int.with Z8021)-Garakhola (Int.with Z8023),LRP018,405,18.215,LRP024,750,24.59,6.375,50.0,598.0,450.0,472.0,201.0,555.0,18.0,132.0,571.0,591.0,114.0,152.0,0.0,3638.0,266.0,3904.0,3904.0,N805.traffic.htm
N805-4,Garakhola(Int.with Z8023)-Bhatiapara (Int.with Z7001),LRP024,750,24.59,LRP037,135,37.005,12.415,50.0,598.0,450.0,472.0,201.0,555.0,18.0,132.0,571.0,591.0,114.0,152.0,0.0,3638.0,266.0,3904.0,3904.0,N805.traffic.htm
N805-5,Bhatiapara (Int.with Z7001)-Bhatiapara (Trimohoni)Int.with N806,LRP037,135,37.005,LRP037,940,37.81,0.805,33.0,759.0,533.0,172.0,124.0,224.0,119.0,191.0,960.0,615.0,471.0,584.0,0.0,3730.0,1055.0,4785.0,4785.0,N805.traffic.htm
N805-6,Bhatiapara (Trimohoni)Int.with N806 - Ramdia (Int.with Z8419),LRP037,940,37.81,LRP049,275,49.215,11.405,33.0,759.0,533.0,172.0,124.0,224.0,119.0,191.0,960.0,615.0,471.0,584.0,0.0,3730.0,1055.0,4785.0,4785.0,N805.traffic.htm
N805-7,Ramdia (Int.with Z8419)-Bijoypasha(Int.with Z8420),LRP049,275,49.215,LRP060,365,60.305,11.090,33.0,759.0,533.0,172.0,124.0,224.0,119.0,191.0,960.0,615.0,471.0,584.0,0.0,3730.0,1055.0,4785.0,4785.0,N805.traffic.htm
N805-8,Bijoypasha(Int.with Z8420)-Gopalganj (Haridashpur Bridge)Int.with R850,LRP060,365,60.305,LRP067,360,67.28,6.975,33.0,759.0,533.0,172.0,124.0,224.0,119.0,191.0,960.0,615.0,471.0,584.0,0.0,3730.0,1055.0,4785.0,4785.0,N805.traffic.htm
N805-9,Gopalganj (Haridashpur Bridge)Int.with R850-Int.with R850,LRP067,360,67.28,LRP068,70,67.95,0.670,33.0,759.0,533.0,172.0,124.0,224.0,119.0,191.0,960.0,615.0,471.0,584.0,0.0,3730.0,1055.0,4785.0,4785.0,N805.traffic.htm
N805-10,Gopalganj (Int.with R850)-Int.with Z8031,LRP068,70,67.95,LRP069,766,69.706,1.756,29.0,376.0,356.0,344.0,235.0,216.0,87.0,159.0,1029.0,1328.0,594.0,563.0,0.0,4159.0,1157.0,5316.0,5316.0,N805.traffic.htm
N805-11,Int.with Z8031-Int.with Z8408,LRP069,766,69.706,LRP071,1945,72.885,3.179,29.0,376.0,356.0,344.0,235.0,216.0,87.0,159.0,1029.0,1328.0,594.0,563.0,0.0,4159.0,1157.0,5316.0,5316.0,N805.traffic.htm
N805-12,Int.with Z8408-Gonapara(Int.with Z7704),LRP071,1945,72.885,LRP077,275,77.225,4.340,29.0,376.0,356.0,344.0,235.0,216.0,87.0,159.0,1029.0,1328.0,594.0,563.0,0.0,4159.0,1157.0,5316.0,5316.0,N805.traffic.htm
N805-13,Gonapara(Int.with Z7704)-End of Mollahat Bridge,LRP077,275,77.225,LRP079,1112,80.062,2.837,29.0,376.0,356.0,344.0,235.0,216.0,87.0,159.0,1029.0,1328.0,594.0,563.0,0.0,4159.0,1157.0,5316.0,5316.0,N805.traffic.htm
N805-14,End of Mollahat Bridge-Faltita(Int.with Z7801),LRP079,1112,80.062,LRP096,1030,97.023,16.961,44.0,624.0,541.0,530.0,322.0,311.0,176.0,225.0,920.0,1217.0,463.0,473.0,0.0,4910.0,936.0,5846.0,5846.0,N805.traffic.htm
N805-15,Faltita(Int.with Z7801)-Fakirhat (Int.with R771),LRP096,1030,97.023,LRP099,530,100.523,3.500,44.0,624.0,541.0,530.0,322.0,311.0,176.0,225.0,920.0,1217.0,463.0,473.0,0.0,4910.0,936.0,5846.0,5846.0,N805.traffic.htm
N805-16,Fakirhat (Int.with R771)- Noapara (Int.with R770),LRP099,530,100.523,LRP107,1040,109.053,8.530,97.0,576.0,472.0,124.0,129.0,235.0,116.0,192.0,1201.0,856.0,558.0,683.0,0.0,3998.0,1241.0,5239.0,5239.0,N805.traffic.htm
N805-17,Noapara (Int.with R770)-Katakhali Traffic More,LRP107,1040,109.053,LRP109,990,110.633,1.580,44.0,624.0,541.0,530.0,322.0,311.0,176.0,225.0,920.0,1217.0,463.0,473.0,0.0,4910.0,936.0,5846.0,5846.0,N805.traffic.htm
,,,,,,,,,,,,,,,,,,,,,,,,,,N805.traffic.htm
*  Traffic survey was not done on the link. It was assumed that the traffic will be equivalent to that of another link. Please click on the AADT figure to view the referenced link.  Traffic survey is done once in a year. This information was last updated in the year,,,,,,,,,,,,,,,,,,,,,,,,,,N805.traffic.htm
